Portland Fire Bureau Rain Gage (Ankeny_02) - 55 SW. Ash St.

PROVISIONAL, UNCORRECTED RAW DATA FROM THE CITY OF PORTLAND HYDRA NETWORK.
Data are the number of tips of the rain gage bucket.
Each tip is 0.01 inches of rainfall.
 [-, missing data]
Dates and times are PACIFIC STANDARD TIME.

            Daily  Hourly data -->
   Date     Total    0   1   2   3   4   5   6   7   8   9  10  11  12  13  14  15  16  17  18  19  20  21  22  23
------------------------------------------------------------------------------------------------------------------
31-OCT-2019     0    0   0   0   0   0   0   0   0   0   0   0   0   0   0   0   0   0   0   0   0   0   0   0   0
30-OCT-2019     0    0   0   0   0   0   0   0   0   0   0   0   0   0   0   0   0   0   0   0   0   0   0   0   0
29-OCT-2019     0    0   0   0   0   0   0   0   0   0   0   0   0   0   0   0   0   0   0   0   0   0   0   0   0
28-OCT-2019     0    0   0   0   0   0   0   0   0   0   0   0   0   0   0   0   0   0   0   0   0   0   0   0   0
27-OCT-2019     0    0   0   0   0   0   0   0   0   0   0   0   0   0   0   0   0   0   0   0   0   0   0   0   0
26-OCT-2019     0    0   0   0   0   0   0   0   0   0   0   0   0   0   0   0   0   0   0   0   0   0   0   0   0
25-OCT-2019     5    0   0   0   0   0   0   0   0   0   0   0   0   0   3   2   0   0   0   0   0   0   0   0   0
24-OCT-2019     0    0   0   0   0   0   0   0   0   0   0   0   0   0   0   0   0   0   0   0   0   0   0   0   0
23-OCT-2019     0    0   0   0   0   0   0   0   0   0   0   0   0   0   0   0   0   0   0   0   0   0   0   0   0
22-OCT-2019    15    1   1   1   4   6   0   1   1   0   0   0   0   0   0   0   0   0   0   0   0   0   0   0   0
21-OCT-2019     0    0   0   0   0   0   0   0   0   0   0   0   0   0   0   0   0   0   0   0   0   0   0   0   0
20-OCT-2019     1    0   0   0   0   0   0   0   0   1   0   0   0   0   0   0   0   0   0   0   0   0   0   0   0
19-OCT-2019    45    6   2  28   0   0   1   1   1   1   2   0   0   0   0   0   3   0   0   0   0   0   0   0   0
18-OCT-2019    16    0   0   0   0   2   0   0   1   0   0   0   0   0   2   0   1   2   1   0   0   3   3   1   0
17-OCT-2019    35    0   0   0   0   0   0   0   0   0   6   0   0   0   0   1   0   8  14   2   0   3   0   1   0
16-OCT-2019    47    0   0   0   0   0   0   0   3   1   4  13   4   0   1   0   0   0  18   2   0   0   1   0   0
15-OCT-2019     0    0   0   0   0   0   0   0   0   0   0   0   0   0   0   0   0   0   0   0   0   0   0   0   0
14-OCT-2019     0    0   0   0   0   0   0   0   0   0   0   0   0   0   0   0   0   0   0   0   0   0   0   0   0
13-OCT-2019     0    0   0   0   0   0   0   0   0   0   0   0   0   0   0   0   0   0   0   0   0   0   0   0   0
12-OCT-2019     0    0   0   0   0   0   0   0   0   0   0   0   0   0   0   0   0   0   0   0   0   0   0   0   0
11-OCT-2019     0    0   0   0   0   0   0   0   0   0   0   0   0   0   0   0   0   0   0   0   0   0   0   0   0
10-OCT-2019     0    0   0   0   0   0   0   0   0   0   0   0   0   0   0   0   0   0   0   0   0   0   0   0   0
09-OCT-2019     0    0   0   0   0   0   0   0   0   0   0   0   0   0   0   0   0   0   0   0   0   0   0   0   0
08-OCT-2019    13    0   0   1   0   0   0   0   0   0   0  12   0   0   0   0   0   0   0   0   0   0   0   0   0
07-OCT-2019     0    0   0   0   0   0   0   0   0   0   0   0   0   0   0   0   0   0   0   0   0   0   0   0   0
06-OCT-2019     0    0   0   0   0   0   0   0   0   0   0   0   0   0   0   0   0   0   0   0   0   0   0   0   0
05-OCT-2019     0    0   0   0   0   0   0   0   0   0   0   0   0   0   0   0   0   0   0   0   0   0   0   0   0
04-OCT-2019     1    0   0   0   0   0   0   0   0   0   0   0   0   0   1   0   0   0   0   0   0   0   0   0   0
03-OCT-2019     1    0   0   0   0   0   0   0   0   0   0   0   0   0   0   0   0   0   1   0   0   0   0   0   0
02-OCT-2019     0    0   0   0   0   0   0   0   0   0   0   0   0   0   0   0   0   0   0   0   0   0   0   0   0
01-OCT-2019     0    0   0   0   0   0   0   0   0   0   0   0   0   0   0   0   0   0   0   0   0   0   0   0   0
30-SEP-2019     1    0   0   0   0   0   0   0   0   0   0   0   1   0   0   0   0   0   0   0   0   0   0   0   0
29-SEP-2019    26    0   0   0   0   8  11   3   1   1   1   0   0   0   0   0   0   1   0   0   0   0   0   0   0
28-SEP-2019    16    0   0   0   0   0   0   1   0   0   1   0   0   0   0   0  14   0   0   0   0   0   0   0   0
27-SEP-2019     0    0   0   0   0   0   0   0   0   0   0   0   0   0   0   0   0   0   0   0   0   0   0   0   0
26-SEP-2019     0    0   0   0   0   0   0   0   0   0   0   0   0   0   0   0   0   0   0   0   0   0   0   0   0
25-SEP-2019     0    0   0   0   0   0   0   0   0   0   0   0   0   0   0   0   0   0   0   0   0   0   0   0   0
24-SEP-2019     0    0   0   0   0   0   0   0   0   0   0   0   0   0   0   0   0   0   0   0   0   0   0   0   0
23-SEP-2019     1    0   0   0   0   0   0   0   0   0   0   0   1   0   0   0   0   0   0   0   0   0   0   0   0
22-SEP-2019    34    0   0   0   0   0   0   0   3   3   0   0   0   0   0   3   1   1  23   0   0   0   0   0   0
21-SEP-2019     0    0   0   0   0   0   0   0   0   0   0   0   0   0   0   0   0   0   0   0   0   0   0   0   0
20-SEP-2019     2    0   0   1   0   0   0   0   0   1   0   0   0   0   0   0   0   0   0   0   0   0   0   0   0
19-SEP-2019     0    0   0   0   0   0   0   0   0   0   0   0   0   0   0   0   0   0   0   0   0   0   0   0   0
18-SEP-2019    45    1   1   8   8   0   0   5   0   0   2  17   3   0   0   0   0   0   0   0   0   0   0   0   0
17-SEP-2019    41    0   0   0   0   0   2   0   6   3   2   0   0   0   0   1   0   1   8   0   8   1   0   5   4
16-SEP-2019    23    0   0   0   0   0   0   0   1   0   0   0   0   0   0   0  17   0   5   0   0   0   0   0   0
15-SEP-2019    88    0   0   0   0   3   5  17  21   4   7   6   9   9   5   0   0   0   0   1   0   0   1   0   0
14-SEP-2019     0    0   0   0   0   0   0   0   0   0   0   0   0   0   0   0   0   0   0   0   0   0   0   0   0
13-SEP-2019    15    3   8   1   3   0   0   0   0   0   0   0   0   0   0   0   0   0   0   0   0   0   0   0   0
12-SEP-2019     5    0   0   0   0   0   0   0   0   0   0   0   0   0   0   0   0   0   0   0   0   0   0   0   5
11-SEP-2019     1    0   0   0   0   0   0   0   0   0   0   0   0   1   0   0   0   0   0   0   0   0   0   0   0
10-SEP-2019     5    0   0   0   0   0   0   1   0   0   0   0   0   1   3   0   0   0   0   0   0   0   0   0   0
09-SEP-2019    55    1   0   0   0   1   1   0   0   0   0   0   0   4   0   0   0   7   1   0   0  39   1   0   0
08-SEP-2019    14    0   0   0   0   0   2   0   0   0   0   0   0   1   6   3   0   0   0   0   0   0   0   0   2
07-SEP-2019    14    0   0   0   0   0   0   0   0   0   0   0   0   0   0   0   0   3   1   0   0   0   2   7   1
06-SEP-2019     0    0   0   0   0   0   0   0   0   0   0   0   0   0   0   0   0   0   0   0   0   0   0   0   0
05-SEP-2019     0    0   0   0   0   0   0   0   0   0   0   0   0   0   0   0   0   0   0   0   0   0   0   0   0
04-SEP-2019     0    0   0   0   0   0   0   0   0   0   0   0   0   0   0   0   0   0   0   0   0   0   0   0   0
03-SEP-2019     0    0   0   0   0   0   0   0   0   0   0   0   0   0   0   0   0   0   0   0   0   0   0   0   0
02-SEP-2019     0    0   0   0   0   0   0   0   0   0   0   0   0   0   0   0   0   0   0   0   0   0   0   0   0
01-SEP-2019     0    0   0   0   0   0   0   0   0   0   0   0   0   0   0   0   0   0   0   0   0   0   0   0   0
31-AUG-2019     0    0   0   0   0   0   0   0   0   0   0   0   0   0   0   0   0   0   0   0   0   0   0   0   0
30-AUG-2019     0    0   0   0   0   0   0   0   0   0   0   0   0   0   0   0   0   0   0   0   0   0   0   0   0
29-AUG-2019     2    0   0   0   0   0   0   1   0   0   0   0   1   0   0   0   0   0   0   0   0   0   0   0   0
28-AUG-2019     0    0   0   0   0   0   0   0   0   0   0   0   0   0   0   0   0   0   0   0   0   0   0   0   0
27-AUG-2019     0    0   0   0   0   0   0   0   0   0   0   0   0   0   0   0   0   0   0   0   0   0   0   0   0
26-AUG-2019     0    0   0   0   0   0   0   0   0   0   0   0   0   0   0   0   0   0   0   0   0   0   0   0   0
25-AUG-2019     0    0   0   0   0   0   0   0   0   0   0   0   0   0   0   0   0   0   0   0   0   0   0   0   0
24-AUG-2019     0    0   0   0   0   0   0   0   0   0   0   0   0   0   0   0   0   0   0   0   0   0   0   0   0
23-AUG-2019     0    0   0   0   0   0   0   0   0   0   0   0   0   0   0   0   0   0   0   0   0   0   0   0   0
22-AUG-2019     0    0   0   0   0   0   0   0   0   0   0   0   0   0   0   0   0   0   0   0   0   0   0   0   0
21-AUG-2019    12    0   0   0   0   0   0   0   0   0   0   0   0   0   0   0   0   2   2   2   5   0   1   0   0
20-AUG-2019     0    0   0   0   0   0   0   0   0   0   0   0   0   0   0   0   0   0   0   0   0   0   0   0   0
19-AUG-2019     0    0   0   0   0   0   0   0   0   0   0   0   0   0   0   0   0   0   0   0   0   0   0   0   0
18-AUG-2019     0    0   0   0   0   0   0   0   0   0   0   0   0   0   0   0   0   0   0   0   0   0   0   0   0
17-AUG-2019     0    0   0   0   0   0   0   0   0   0   0   0   0   0   0   0   0   0   0   0   0   0   0   0   0
16-AUG-2019     0    0   0   0   0   0   0   0   0   0   0   0   0   0   0   0   0   0   0   0   0   0   0   0   0
15-AUG-2019     0    0   0   0   0   0   0   0   0   0   0   0   0   0   0   0   0   0   0   0   0   0   0   0   0
14-AUG-2019     0    0   0   0   0   0   0   0   0   0   0   0   0   0   0   0   0   0   0   0   0   0   0   0   0
13-AUG-2019     0    0   0   0   0   0   0   0   0   0   0   0   0   0   0   0   0   0   0   0   0   0   0   0   0
12-AUG-2019     0    0   0   0   0   0   0   0   0   0   0   0   0   0   0   0   0   0   0   0   0   0   0   0   0
11-AUG-2019     0    0   0   0   0   0   0   0   0   0   0   0   0   0   0   0   0   0   0   0   0   0   0   0   0
10-AUG-2019    18    0   0   0   0   0   0   0   0   0   0   0   0   0   0   0   0   0   0   0   5   0   0  11   2
09-AUG-2019     7    0   0   0   0   0   0   0   0   0   0   0   0   0   0   0   0   0   0   0   0   0   1   6   0
08-AUG-2019     0    0   0   0   0   0   0   0   0   0   0   0   0   0   0   0   0   0   0   0   0   0   0   0   0
07-AUG-2019     0    0   0   0   0   0   0   0   0   0   0   0   0   0   0   0   0   0   0   0   0   0   0   0   0
06-AUG-2019     0    0   0   0   0   0   0   0   0   0   0   0   0   0   0   0   0   0   0   0   0   0   0   0   0
05-AUG-2019     0    0   0   0   0   0   0   0   0   0   0   0   0   0   0   0   0   0   0   0   0   0   0   0   0
04-AUG-2019     0    0   0   0   0   0   0   0   0   0   0   0   0   0   0   0   0   0   0   0   0   0   0   0   0
03-AUG-2019     0    0   0   0   0   0   0   0   0   0   0   0   0   0   0   0   0   0   0   0   0   0   0   0   0
02-AUG-2019     3    0   0   0   0   0   0   3   0   0   0   0   0   0   0   0   0   0   0   0   0   0   0   0   0
01-AUG-2019     0    0   0   0   0   0   0   0   0   0   0   0   0   0   0   0   0   0   0   0   0   0   0   0   0
31-JUL-2019     0    0   0   0   0   0   0   0   0   0   0   0   0   0   0   0   0   0   0   0   0   0   0   0   0
30-JUL-2019     0    0   0   0   0   0   0   0   0   0   0   0   0   0   0   0   0   0   0   0   0   0   0   0   0
29-JUL-2019     0    0   0   0   0   0   0   0   0   0   0   0   0   0   0   0   0   0   0   0   0   0   0   0   0
28-JUL-2019     0    0   0   0   0   0   0   0   0   0   0   0   0   0   0   0   0   0   0   0   0   0   0   0   0
27-JUL-2019     0    0   0   0   0   0   0   0   0   0   0   0   0   0   0   0   0   0   0   0   0   0   0   0   0
26-JUL-2019     0    0   0   0   0   0   0   0   0   0   0   0   0   0   0   0   0   0   0   0   0   0   0   0   0
25-JUL-2019     0    0   0   0   0   0   0   0   0   0   0   0   0   0   0   0   0   0   0   0   0   0   0   0   0
24-JUL-2019     0    0   0   0   0   0   0   0   0   0   0   0   0   0   0   0   0   0   0   0   0   0   0   0   0
23-JUL-2019     0    0   0   0   0   0   0   0   0   0   0   0   0   0   0   0   0   0   0   0   0   0   0   0   0
22-JUL-2019     0    0   0   0   0   0   0   0   0   0   0   0   0   0   0   0   0   0   0   0   0   0   0   0   0
21-JUL-2019     0    0   0   0   0   0   0   0   0   0   0   0   0   0   0   0   0   0   0   0   0   0   0   0   0
20-JUL-2019     0    0   0   0   0   0   0   0   0   0   0   0   0   0   0   0   0   0   0   0   0   0   0   0   0
19-JUL-2019     0    0   0   0   0   0   0   0   0   0   0   0   0   0   0   0   0   0   0   0   0   0   0   0   0
18-JUL-2019     0    0   0   0   0   0   0   0   0   0   0   0   0   0   0   0   0   0   0   0   0   0   0   0   0
17-JUL-2019     0    0   0   0   0   0   0   0   0   0   0   0   0   0   0   0   0   0   0   0   0   0   0   0   0
16-JUL-2019     0    0   0   0   0   0   0   0   0   0   0   0   0   0   0   0   0   0   0   0   0   0   0   0   0
15-JUL-2019     0    0   0   0   0   0   0   0   0   0   0   0   0   0   0   0   0   0   0   0   0   0   0   0   0
14-JUL-2019     0    0   0   0   0   0   0   0   0   0   0   0   0   0   0   0   0   0   0   0   0   0   0   0   0
13-JUL-2019     0    0   0   0   0   0   0   0   0   0   0   0   0   0   0   0   0   0   0   0   0   0   0   0   0
12-JUL-2019     0    0   0   0   0   0   0   0   0   0   0   0   0   0   0   0   0   0   0   0   0   0   0   0   0
11-JUL-2019     0    0   0   0   0   0   0   0   0   0   0   0   0   0   0   0   0   0   0   0   0   0   0   0   0
10-JUL-2019     4    2   2   0   0   0   0   0   0   0   0   0   0   0   0   0   0   0   0   0   0   0   0   0   0
09-JUL-2019    16    0   0   0   0   0   0   0   0   0   0   0   0   0   0   0   1   2   0   5   3   0   1   2   2
08-JUL-2019     0    0   0   0   0   0   0   0   0   0   0   0   0   0   0   0   0   0   0   0   0   0   0   0   0
07-JUL-2019     0    0   0   0   0   0   0   0   0   0   0   0   0   0   0   0   0   0   0   0   0   0   0   0   0
06-JUL-2019     1    0   0   0   0   0   0   1   0   0   0   0   0   0   0   0   0   0   0   0   0   0   0   0   0
05-JUL-2019     0    0   0   0   0   0   0   0   0   0   0   0   0   0   0   0   0   0   0   0   0   0   0   0   0
04-JUL-2019     0    0   0   0   0   0   0   0   0   0   0   0   0   0   0   0   0   0   0   0   0   0   0   0   0
03-JUL-2019     0    0   0   0   0   0   0   0   0   0   0   0   0   0   0   0   0   0   0   0   0   0   0   0   0
02-JUL-2019     0    0   0   0   0   0   0   0   0   0   0   0   0   0   0   0   0   0   0   0   0   0   0   0   0
01-JUL-2019     0    0   0   0   0   0   0   0   0   0   0   0   0   0   0   0   0   0   0   0   0   0   0   0   0
30-JUN-2019     0    0   0   0   0   0   0   0   0   0   0   0   0   0   0   0   0   0   0   0   0   0   0   0   0
29-JUN-2019     0    0   0   0   0   0   0   0   0   0   0   0   0   0   0   0   0   0   0   0   0   0   0   0   0
28-JUN-2019     0    0   0   0   0   0   0   0   0   0   0   0   0   0   0   0   0   0   0   0   0   0   0   0   0
27-JUN-2019    32    0   0   0   0   0   0   0   0   0   1   1   1   0   0   0   4   0  13   8   1   1   2   0   0
26-JUN-2019    12    0   0   0   0   0   0   0   0   0   0   0   0   0   0   0   0   0   0  12   0   0   0   0   0
25-JUN-2019     1    0   0   0   0   0   0   0   0   0   0   0   0   1   0   0   0   0   0   0   0   0   0   0   0
24-JUN-2019     0    0   0   0   0   0   0   0   0   0   0   0   0   0   0   0   0   0   0   0   0   0   0   0   0
23-JUN-2019     0    0   0   0   0   0   0   0   0   0   0   0   0   0   0   0   0   0   0   0   0   0   0   0   0
22-JUN-2019     0    0   0   0   0   0   0   0   0   0   0   0   0   0   0   0   0   0   0   0   0   0   0   0   0
21-JUN-2019     0    0   0   0   0   0   0   0   0   0   0   0   0   0   0   0   0   0   0   0   0   0   0   0   0
20-JUN-2019     5    0   0   0   0   0   0   0   3   0   1   0   0   0   1   0   0   0   0   0   0   0   0   0   0
19-JUN-2019     0    0   0   0   0   0   0   0   0   0   0   0   0   0   0   0   0   0   0   0   0   0   0   0   0
18-JUN-2019     0    0   0   0   0   0   0   0   0   0   0   0   0   0   0   0   0   0   0   0   0   0   0   0   0
17-JUN-2019     0    0   0   0   0   0   0   0   0   0   0   0   0   0   0   0   0   0   0   0   0   0   0   0   0
16-JUN-2019     0    0   0   0   0   0   0   0   0   0   0   0   0   0   0   0   0   0   0   0   0   0   0   0   0
15-JUN-2019     0    0   0   0   0   0   0   0   0   0   0   0   0   0   0   0   0   0   0   0   0   0   0   0   0
14-JUN-2019     0    0   0   0   0   0   0   0   0   0   0   0   0   0   0   0   0   0   0   0   0   0   0   0   0
13-JUN-2019     0    0   0   0   0   0   0   0   0   0   0   0   0   0   0   0   0   0   0   0   0   0   0   0   0
12-JUN-2019     0    0   0   0   0   0   0   0   0   0   0   0   0   0   0   0   0   0   0   0   0   0   0   0   0
11-JUN-2019     0    0   0   0   0   0   0   0   0   0   0   0   0   0   0   0   0   0   0   0   0   0   0   0   0
10-JUN-2019     0    0   0   0   0   0   0   0   0   0   0   0   0   0   0   0   0   0   0   0   0   0   0   0   0
09-JUN-2019     0    0   0   0   0   0   0   0   0   0   0   0   0   0   0   0   0   0   0   0   0   0   0   0   0
08-JUN-2019     0    0   0   0   0   0   0   0   0   0   0   0   0   0   0   0   0   0   0   0   0   0   0   0   0
07-JUN-2019     5    0   0   0   0   0   0   0   0   0   0   3   1   0   0   0   1   0   0   0   0   0   0   0   0
06-JUN-2019     0    0   0   0   0   0   0   0   0   0   0   0   0   0   0   0   0   0   0   0   0   0   0   0   0
05-JUN-2019     0    0   0   0   0   0   0   0   0   0   0   0   0   0   0   0   0   0   0   0   0   0   0   0   0
04-JUN-2019     0    0   0   0   0   0   0   0   0   0   0   0   0   0   0   0   0   0   0   0   0   0   0   0   0
03-JUN-2019     0    0   0   0   0   0   0   0   0   0   0   0   0   0   0   0   0   0   0   0   0   0   0   0   0
02-JUN-2019     0    0   0   0   0   0   0   0   0   0   0   0   0   0   0   0   0   0   0   0   0   0   0   0   0
01-JUN-2019     0    0   0   0   0   0   0   0   0   0   0   0   0   0   0   0   0   0   0   0   0   0   0   0   0
31-MAY-2019     0    0   0   0   0   0   0   0   0   0   0   0   0   0   0   0   0   0   0   0   0   0   0   0   0
30-MAY-2019     0    0   0   0   0   0   0   0   0   0   0   0   0   0   0   0   0   0   0   0   0   0   0   0   0
29-MAY-2019     0    0   0   0   0   0   0   0   0   0   0   0   0   0   0   0   0   0   0   0   0   0   0   0   0
28-MAY-2019     0    0   0   0   0   0   0   0   0   0   0   0   0   0   0   0   0   0   0   0   0   0   0   0   0
27-MAY-2019     0    0   0   0   0   0   0   0   0   0   0   0   0   0   0   0   0   0   0   0   0   0   0   0   0
26-MAY-2019     1    0   0   0   0   0   0   0   0   1   0   0   0   0   0   0   0   0   0   0   0   0   0   0   0
25-MAY-2019    34    0   0   0   0   0   0   0   0   0   0   1   0   0   1   6  18   5   1   2   0   0   0   0   0
24-MAY-2019     5    0   0   0   0   0   0   0   0   0   0   0   0   2   3   0   0   0   0   0   0   0   0   0   0
23-MAY-2019     0    0   0   0   0   0   0   0   0   0   0   0   0   0   0   0   0   0   0   0   0   0   0   0   0
22-MAY-2019     6    0   0   0   0   0   0   0   0   0   0   0   0   0   0   0   0   0   0   0   0   6   0   0   0
21-MAY-2019     1    0   0   0   0   0   0   0   0   0   0   0   0   1   0   0   0   0   0   0   0   0   0   0   0
20-MAY-2019     8    0   0   0   0   0   0   0   0   0   0   0   0   0   0   0   1   0   0   0   0   0   0   6   1
19-MAY-2019    44   25   2   8   3   0   0   0   0   0   0   0   0   1   0   0   0   0   0   5   0   0   0   0   0
18-MAY-2019    59    0   0   0   0   0   0   0   0   0   0   0   0   0   0   0   2   0   2   6   3   0   4  25  17
17-MAY-2019     0    0   0   0   0   0   0   0   0   0   0   0   0   0   0   0   0   0   0   0   0   0   0   0   0
16-MAY-2019     5    0   1   0   0   2   0   0   0   0   0   0   0   0   0   0   0   0   1   0   0   1   0   0   0
15-MAY-2019    13    0   0   0   0   0   0   0   0   0   0   0   0   0   0   0   5   6   2   0   0   0   0   0   0
14-MAY-2019    14    0   0   0   0   0   0   2   2   2   1   0   2   1   0   3   0   1   0   0   0   0   0   0   0
13-MAY-2019     0    0   0   0   0   0   0   0   0   0   0   0   0   0   0   0   0   0   0   0   0   0   0   0   0
12-MAY-2019     0    0   0   0   0   0   0   0   0   0   0   0   0   0   0   0   0   0   0   0   0   0   0   0   0
11-MAY-2019     0    0   0   0   0   0   0   0   0   0   0   0   0   0   0   0   0   0   0   0   0   0   0   0   0
10-MAY-2019     0    0   0   0   0   0   0   0   0   0   0   0   0   0   0   0   0   0   0   0   0   0   0   0   0
09-MAY-2019     0    0   0   0   0   0   0   0   0   0   0   0   0   0   0   0   0   0   0   0   0   0   0   0   0
08-MAY-2019     0    0   0   0   0   0   0   0   0   0   0   0   0   0   0   0   0   0   0   0   0   0   0   0   0
07-MAY-2019     0    0   0   0   0   0   0   0   0   0   0   0   0   0   0   0   0   0   0   0   0   0   0   0   0
06-MAY-2019     0    0   0   0   0   0   0   0   0   0   0   0   0   0   0   0   0   0   0   0   0   0   0   0   0
05-MAY-2019     0    0   0   0   0   0   0   0   0   0   0   0   0   0   0   0   0   0   0   0   0   0   0   0   0
04-MAY-2019     0    0   0   0   0   0   0   0   0   0   0   0   0   0   0   0   0   0   0   0   0   0   0   0   0
03-MAY-2019     0    0   0   0   0   0   0   0   0   0   0   0   0   0   0   0   0   0   0   0   0   0   0   0   0
02-MAY-2019     0    0   0   0   0   0   0   0   0   0   0   0   0   0   0   0   0   0   0   0   0   0   0   0   0
01-MAY-2019     0    0   0   0   0   0   0   0   0   0   0   0   0   0   0   0   0   0   0   0   0   0   0   0   0
30-APR-2019     0    0   0   0   0   0   0   0   0   0   0   0   0   0   0   0   0   0   0   0   0   0   0   0   0
29-APR-2019     0    0   0   0   0   0   0   0   0   0   0   0   0   0   0   0   0   0   0   0   0   0   0   0   0
28-APR-2019     0    0   0   0   0   0   0   0   0   0   0   0   0   0   0   0   0   0   0   0   0   0   0   0   0
27-APR-2019     2    0   0   0   0   0   0   0   2   0   0   0   0   0   0   0   0   0   0   0   0   0   0   0   0
26-APR-2019     0    0   0   0   0   0   0   0   0   0   0   0   0   0   0   0   0   0   0   0   0   0   0   0   0
25-APR-2019     0    0   0   0   0   0   0   0   0   0   0   0   0   0   0   0   0   0   0   0   0   0   0   0   0
24-APR-2019     0    0   0   0   0   0   0   0   0   0   0   0   0   0   0   0   0   0   0   0   0   0   0   0   0
23-APR-2019     1    0   0   0   0   0   0   0   0   0   0   0   1   0   0   0   0   0   0   0   0   0   0   0   0
22-APR-2019     2    0   0   0   0   0   0   0   0   0   0   0   0   0   0   0   0   0   2   0   0   0   0   0   0
21-APR-2019     0    0   0   0   0   0   0   0   0   0   0   0   0   0   0   0   0   0   0   0   0   0   0   0   0
20-APR-2019     0    0   0   0   0   0   0   0   0   0   0   0   0   0   0   0   0   0   0   0   0   0   0   0   0
19-APR-2019    22    0   0   0   0   0   0   0   0   0   0   0   0   0   0   2   8   4   4   2   0   1   0   1   0
18-APR-2019     0    0   0   0   0   0   0   0   0   0   0   0   0   0   0   0   0   0   0   0   0   0   0   0   0
17-APR-2019     1    0   0   0   0   0   0   0   0   0   0   0   0   0   0   1   0   0   0   0   0   0   0   0   0
16-APR-2019     7    0   0   0   0   0   0   0   0   0   0   2   0   0   0   0   0   0   0   0   0   1   2   1   1
15-APR-2019    14    0   0   0   0   0   0   0   0   0   0   0   0   0   0   0   7   2   3   1   0   1   0   0   0
14-APR-2019     3    1   0   0   0   0   0   0   0   0   0   0   0   0   0   0   0   2   0   0   0   0   0   0   0
13-APR-2019    16    0   0   0   0   0   0   0   0   0   0   5   3   0   0   0   0   0   4   4   0   0   0   0   0
12-APR-2019     4    0   0   0   0   0   0   0   1   0   0   1   2   0   0   0   0   0   0   0   0   0   0   0   0
11-APR-2019    12    0   0   0   0   2   2   0   2   2   0   0   2   0   0   0   0   2   0   0   0   0   0   0   0
10-APR-2019    12    0   0   0   0   0   0   0   0   0   0   0   0   3   4   1   1   0   1   0   0   0   0   1   1
09-APR-2019     7    3   0   0   0   0   0   0   0   0   0   0   1   1   0   0   0   0   0   0   0   0   1   1   0
08-APR-2019    31    1   3   5   4   1   1   6   4   3   0   0   0   0   1   0   1   1   0   0   0   0   0   0   0
07-APR-2019    55   10   9   6   3   3   1   0   0   0   0   0   1   0   0   2   5   6   1   1   1   1   1   2   2
06-APR-2019    93    0   0   1   0   4   4   7  10   9   1   0   0   0   0   0   0   0   2   5   7  10  10   9  14
05-APR-2019    40    2   0   0   0   2   0   3   1   1  12  10   3   1   0   0   1   0   0   2   2   0   0   0   0
04-APR-2019    17    0   0   0   0   0   0   0   0   0   0   0   0   0   0   0   0   0   0   0   3   8   0   5   1
03-APR-2019     6    0   0   0   0   0   0   0   0   0   4   1   0   1   0   0   0   0   0   0   0   0   0   0   0
02-APR-2019    15    0   0   0   0   0   0   0   0   0   0   0   0   0   0   1   1   0   0   1   2   9   1   0   0
01-APR-2019     0    0   0   0   0   0   0   0   0   0   0   0   0   0   0   0   0   0   0   0   0   0   0   0   0
31-MAR-2019     0    0   0   0   0   0   0   0   0   0   0   0   0   0   0   0   0   0   0   0   0   0   0   0   0
30-MAR-2019     0    0   0   0   0   0   0   0   0   0   0   0   0   0   0   0   0   0   0   0   0   0   0   0   0
29-MAR-2019     0    0   0   0   0   0   0   0   0   0   0   0   0   0   0   0   0   0   0   0   0   0   0   0   0
28-MAR-2019    21    0   0   0   0   0   0   0   0   0   0   0   0   0   0   0   0   0   0  16   3   2   0   0   0
27-MAR-2019    32    0   0   0   0   0   0   0   0   0   0   0   1   2   1   2   0   2  23   1   0   0   0   0   0
26-MAR-2019     0    0   0   0   0   0   0   0   0   0   0   0   0   0   0   0   0   0   0   0   0   0   0   0   0
25-MAR-2019    33    0   0   0   0   0   0   0   0   0   0   1   4   3   4   4   9   1   0   0   4   3   0   0   0
24-MAR-2019     0    0   0   0   0   0   0   0   0   0   0   0   0   0   0   0   0   0   0   0   0   0   0   0   0
23-MAR-2019     1    0   0   0   0   0   0   0   0   0   0   0   0   0   0   1   0   0   0   0   0   0   0   0   0
22-MAR-2019     5    0   0   0   0   0   0   0   0   0   0   0   2   3   0   0   0   0   0   0   0   0   0   0   0
21-MAR-2019     0    0   0   0   0   0   0   0   0   0   0   0   0   0   0   0   0   0   0   0   0   0   0   0   0
20-MAR-2019     0    0   0   0   0   0   0   0   0   0   0   0   0   0   0   0   0   0   0   0   0   0   0   0   0
19-MAR-2019     0    0   0   0   0   0   0   0   0   0   0   0   0   0   0   0   0   0   0   0   0   0   0   0   0
18-MAR-2019     0    0   0   0   0   0   0   0   0   0   0   0   0   0   0   0   0   0   0   0   0   0   0   0   0
17-MAR-2019     0    0   0   0   0   0   0   0   0   0   0   0   0   0   0   0   0   0   0   0   0   0   0   0   0
16-MAR-2019     0    0   0   0   0   0   0   0   0   0   0   0   0   0   0   0   0   0   0   0   0   0   0   0   0
15-MAR-2019     0    0   0   0   0   0   0   0   0   0   0   0   0   0   0   0   0   0   0   0   0   0   0   0   0
14-MAR-2019     0    0   0   0   0   0   0   0   0   0   0   0   0   0   0   0   0   0   0   0   0   0   0   0   0
13-MAR-2019     0    0   0   0   0   0   0   0   0   0   0   0   0   0   0   0   0   0   0   0   0   0   0   0   0
12-MAR-2019    62   15  13  14   8   2   0   0   0   0   0   0   1   0   0   2   2   1   4   0   0   0   0   0   0
11-MAR-2019     0    0   0   0   0   0   0   0   0   0   0   0   0   0   0   0   0   0   0   0   0   0   0   0   0
10-MAR-2019     0    0   0   0   0   0   0   0   0   0   0   0   0   0   0   0   0   0   0   0   0   0   0   0   0
09-MAR-2019     0    0   0   0   0   0   0   0   0   0   0   0   0   0   0   0   0   0   0   0   0   0   0   0   0
08-MAR-2019    33    0   0   0   0   0   0   0   0   0   1   1   1   0   0   9   6   6   4   5   0   0   0   0   0
07-MAR-2019     9    0   0   0   0   0   0   0   0   2   0   0   0   3   3   0   0   0   0   0   0   0   1   0   0
06-MAR-2019    22    0   0   0   0   0   0   0   0   0   0   2   5   3   3   3   3   2   1   0   0   0   0   0   0
05-MAR-2019     0    0   0   0   0   0   0   0   0   0   0   0   0   0   0   0   0   0   0   0   0   0   0   0   0
04-MAR-2019     0    0   0   0   0   0   0   0   0   0   0   0   0   0   0   0   0   0   0   0   0   0   0   0   0
03-MAR-2019     0    0   0   0   0   0   0   0   0   0   0   0   0   0   0   0   0   0   0   0   0   0   0   0   0
02-MAR-2019     0    0   0   0   0   0   0   0   0   0   0   0   0   0   0   0   0   0   0   0   0   0   0   0   0
01-MAR-2019     4    3   0   0   0   0   0   0   0   0   0   0   0   0   1   0   0   0   0   0   0   0   0   0   0
28-FEB-2019     1    0   0   0   0   0   0   0   0   0   0   0   0   0   0   0   0   0   0   0   0   0   0   0   1
27-FEB-2019     0    0   0   0   0   0   0   0   0   0   0   0   0   0   0   0   0   0   0   0   0   0   0   0   0
26-FEB-2019     2    0   1   0   0   0   0   0   0   0   0   0   0   0   0   1   0   0   0   0   0   0   0   0   0
25-FEB-2019     4    0   0   0   0   2   0   0   2   0   0   0   0   0   0   0   0   0   0   0   0   0   0   0   0
24-FEB-2019    53    5  11  11   9   6   6   5   0   0   0   0   0   0   0   0   0   0   0   0   0   0   0   0   0
23-FEB-2019    33    0   0   0   0   0   0   0   0   0   0   0   0   1   0  11   0   3   1   5   9   3   0   0   0
22-FEB-2019    38    0   0   0   0   0   0   0   0   0   0   0   0   0   0   0   0  14  12   5   5   2   0   0   0
21-FEB-2019     0    0   0   0   0   0   0   0   0   0   0   0   0   0   0   0   0   0   0   0   0   0   0   0   0
20-FEB-2019     4    0   1   0   0   0   0   0   0   0   0   0   0   0   2   0   0   0   0   0   1   0   0   0   0
19-FEB-2019    31    0   0   0   0   0   0   0   0   0   0   0   0   0   0   0   0   0   2   2   6  13   2   0   6
18-FEB-2019     2    0   0   0   0   0   0   0   0   0   0   0   0   0   0   0   0   0   1   0   0   1   0   0   0
17-FEB-2019     0    0   0   0   0   0   0   0   0   0   0   0   0   0   0   0   0   0   0   0   0   0   0   0   0
16-FEB-2019    13    0   0   0   1   1   0   0   0   0   0   3   0   0   6   1   0   1   0   0   0   0   0   0   0
15-FEB-2019    11    0   0   0   0   1   0   1   0   0   0   3   0   0   0   0   0   0   2   0   1   0   1   2   0
14-FEB-2019    44    0   0   0   0   1   4   4   1   0   0  15  12   1   2   0   1   1   0   0   0   0   0   0   2
13-FEB-2019     7    1   1   2   2   1   0   0   0   0   0   0   0   0   0   0   0   0   0   0   0   0   0   0   0
12-FEB-2019   151    7  11   2   1   0   2  13  14  19  15  11   8   9  14   9   4   2   1   0   1   1   2   4   1
11-FEB-2019   114    6   3   2   1   1   1   8   4   6   1   5   9   3   6   6   8   7   8   6   3   4   3   6   7
10-FEB-2019    23    0   0   0   0   0   0   0   0   0   0   0   0   0   0   0   0   0   0   0   0   1   4  15   3
09-FEB-2019    31    4  10  10   0   0   0   0   0   0   7   0   0   0   0   0   0   0   0   0   0   0   0   0   0
08-FEB-2019    18    0   0   0   0   0   0   0   0   0   0   0   0   0   0   0   0   0   0  10   2   3   1   0   2
07-FEB-2019     0    0   0   0   0   0   0   0   0   0   0   0   0   0   0   0   0   0   0   0   0   0   0   0   0
06-FEB-2019     0    0   0   0   0   0   0   0   0   0   0   0   0   0   0   0   0   0   0   0   0   0   0   0   0
05-FEB-2019    11    0   0   0   0   0   0   0   0   0  10   0   0   0   0   0   1   0   0   0   0   0   0   0   0
04-FEB-2019     7    0   0   0   0   0   0   0   0   0   0   0   2   1   2   1   0   0   1   0   0   0   0   0   0